         0 
         0 
         0 
         0 
     21840 
     21840 
     21840 
     21840 
     21840 
         0 
         0 
         0 
         0 
         0 
         0 
         0 
         0 
         0 
      4360 
       504 
      1136 
      -440 
      -360 
      4304 
        96 
         0 
         0 
         0 
         0 
         0 
         0 
         0 
         0 
       -72 
       -88 
      5128 
      4512 
         0 
         0 
         0 
         0 
         0 
         0 
         0 
         0 
       112 
       344 
      -448 
        32 
      2816 
      1584 
         0 
         0 
         0 
         0 
         0 
         0 
         0 
         0 
      1568 
      -368 
      -208 
       824 
      -144 
      -432 
       -72 
      -112 
      -400 
       576 
      6296 
      -344 
       144 
      5416 
      -240 
         0 
        40 
      1040 
      1256 
      2608 
         0 
         0 
         0 
         0 
         0 
         0 
         0 
         0 
      -472 
      -488 
      -104 
       144 
       -32 
        32 
      1000 
      3568 
      2040 
      -344 
      2464 
       288 
      1096 
      1144 
      -256 
      -376 
      2752 
      1320 
      1744 
      1144 
       296 
      5600 
      -360 
       -72 
      5256 
      -328 
      4480 
      -240 
      1592 
      -104 
      -496 
      2144 
         0 
         0 
         0 
         0 
         0 
         0 
         0 
         0 
       -72 
       112 
      -304 
      -376 
       552 
      3376 
      2176 
      9336 
       -80 
        24 
      5784 
       664 
       -96 
      1296 
         0 
         0 
         0 
         0 
         0 
         0 
         0 
         0 
       256 
       -48 
        56 
      6072 
         0 
         0 
         0 
         0 
         0 
         0 
         0 
         0 
       -96 
       152 
       888 
      3288 
      1744 
      -536 
       -88 
      1040 
         0 
         0 
         0 
         0 
         0 
         0 
         0 
         0 
      -152 
      -376 
      -536 
        64 
       200 
      -360 
      1296 
      -272 
         0 
         0 
         0 
         0 
         0 
         0 
         0 
         0 
        72 
         0 
       320 
      -152 
         0 
         0 
         0 
         0 
         0 
         0 
         0 
         0 
      -384 
      1056 
      -280 
       512 
        24 
      1072 
       120 
      -440 
       608 
      3832 
      -376 
      5272 
      -152 
      -464 
         0 
         0 
         0 
         0 
         0 
         0 
         0 
         0 
      1320 
      2816 
      -288 
      -320 
      -160 
      8216 
      7536 
      -368 
         0 
         0 
         0 
         0 
         0 
         0 
         0 
         0 
       -96 
      1104 
       272 
      5416 
         0 
         0 
         0 
         0 
         0 
         0 
         0 
         0 
      1864 
      -232 
         0 
         0 
         0 
         0 
         0 
         0 
         0 
         0 
        40 
      -248 
      3360 
        32 
     15088 
      -104 
      -432 
     15664 
      -112 
      1176 
      5464 
       112 
         0 
         0 
         0 
         0 
         0 
         0 
         0 
         0 
      -296 
      1240 
       -24 
      3024 
         0 
       136 
      1056 
        96 
         0 
         0 
         0 
         0 
         0 
         0 
         0 
         0 
       -96 
      -128 
      -248 
      -432 
      1376 
       952 
      -232 
      -328 
       -80 
      9504 
      -264 
      1080 
         0 
         0 
         0 
         0 
         0 
         0 
         0 
         0 
       -32 
      -280 
       -40 
      2792 
         0 
         0 
         0 
         0 
         0 
         0 
         0 
         0 
       104 
      3192 
         0 
         0 
         0 
         0 
         0 
         0 
         0 
         0 
      -424 
      6928 
       136 
       624 
      -232 
      -344 
      2912 
      3216 
         0 
         0 
         0 
         0 
         0 
         0 
         0 
         0 
      -176 
       152 
       120 
       208 
      2424 
      2888 
      -240 
      -168 
      5216 
      -400 
         0 
         0 
         0 
         0 
         0 
         0 
         0 
         0 
        32 
      3848 
      2328 
      2336 
      -248 
      6024 
      4504 
        -8 
         0 
         0 
         0 
         0 
         0 
         0 
         0 
         0 
        32 
      -272 
      8344 
       920 
         0 
         0 
         0 
         0 
         0 
         0 
         0 
         0 
      -448 
      1848 
       888 
      -344 
         0 
         0 
         0 
         0 
         0 
         0 
         0 
         0 
        72 
       552 
         0 
         0 
         0 
         0 
         0 
         0 
         0 
         0 
      5752 
       -48 
         0 
         0 
         0 
         0 
         0 
         0 
         0 
         0 
       -64 
      -208 
      5592 
      4088 
      3016 
      2632 
       112 
       -80 
         0 
         0 
         0 
         0 
         0 
         0 
         0 
         0 
       104 
      -176 
       392 
      -272 
        -8 
      -184 
      -312 
       344 
      -152 
      6152 
       -24 
      2624 
      3240 
      1824 
      1880 
      2968 
       600 
     14744 
      -280 
       -64 
      -312 
       -56 
         0 
         0 
         0 
         0 
         0 
         0 
         0 
         0 
       768 
       352 
      -184 
      -288 
       264 
      3816 
        64 
      -328 
      -472 
      5672 
      2504 
      -144 
      1928 
      2376 
         0 
         0 
         0 
         0 
         0 
         0 
         0 
         0 
      -472 
       968 
      -288 
      4752 
         8 
      2160 
         0 
         0 
         0 
         0 
         0 
         0 
         0 
         0 
      -208 
      3144 
      -392 
       368 
        40 
       -16 
       120 
      5024 
         0 
         0 
         0 
         0 
         0 
         0 
         0 
         0 
      -128 
       352 
      -248 
       344 
      -280 
      2472 
         0 
         0 
         0 
         0 
         0 
         0 
         0 
         0 
      7976 
      -472 
         0 
         0 
         0 
         0 
         0 
         0 
         0 
         0 
      -216 
       352 
      5608 
      -144 
         0 
         0 
         0 
         0 
         0 
         0 
         0 
         0 
      -232 
       112 
       504 
      3040 
       440 
      2600 
      -368 
       232 
         0 
         0 
         0 
         0 
         0 
         0 
         0 
         0 
        64 
       176 
      -128 
        -8 
      -272 
       976 
      3912 
       880 
         0 
         0 
         0 
         0 
         0 
         0 
         0 
         0 
      -176 
      1488 
      7416 
      -336 
         0 
         0 
         0 
         0 
         0 
         0 
         0 
         0 
      -464 
       -56 
      6576 
      1496 
         0 
         0 
         0 
         0 
         0 
         0 
         0 
         0 
       808 
      1216 
      -224 
      4544 
      1600 
        72 
        40 
      -216 
      9416 
      1280 
         0 
         0 
         0 
         0 
         0 
         0 
         0 
         0 
       264 
      1536 
       336 
      -176 
       512 
      1208 
      5728 
       528 
        40 
      -352 
       -72 
       912 
         0 
         0 
         0 
         0 
         0 
         0 
         0 
         0 
      -256 
       288 
      8312 
      -248 
       592 
       280 
         0 
         0 
         0 
         0 
         0 
         0 
         0 
         0 
        80 
      2728 
       752 
       -96 
         0 
         0 
         0 
         0 
         0 
         0 
         0 
         0 
      -416 
      -240 
       -88 
       408 
      2680 
       -40 
      -232 
      -328 
       328 
       -64 
       120 
       440 
       872 
      1752 
      3056 
       336 
         0 
         0 
         0 
         0 
         0 
         0 
         0 
         0 
      -440 
       -24 
      7512 
      2600 
       192 
      1808 
         0 
         0 
         0 
         0 
         0 
         0 
         0 
         0 
      -240 
       344 
      1920 
       704 
         0 
         0 
         0 
         0 
         0 
         0 
         0 
         0 
        16 
      -448 
      -272 
       464 
      6136 
       176 
       624 
       504 
      -376 
      6136 
      3176 
      6464 
       -80 
      2744 
        -8 
        96 
         0 
         0 
         0 
         0 
         0 
         0 
         0 
         0 
      -448 
      -216 
        96 
      -480 
      2680 
      -416 
      -152 
      7920 
       -40 
      5200 
      2264 
       592 
      2232 
       144 
       120 
      -352 
         0 
         0 
         0 
         0 
         0 
         0 
         0 
         0 
      -256 
        64 
      -272 
       304 
         0 
         0 
         0 
         0 
         0 
         0 
         0 
         0 
       -40 
      -384 
      -232 
     12600 
      8152 
       840 
       872 
      2864 
      -512 
      -248 
       256 
      4584 
         0 
         0 
         0 
         0 
         0 
         0 
         0 
         0 
      1312 
      -224 
      -288 
      3520 
         0 
         0 
         0 
         0 
         0 
         0 
         0 
         0 
      -344 
       192 
       432 
        16 
       -24 
      2800 
         8 
       928 
      1392 
       248 
       200 
      -240 
        48 
      -160 
      -352 
      -392 
      -400 
      3624 
       992 
      4760 
      1472 
      4520 
      1008 
      -128 
      -360 
      2144 
      2560 
       664 
      6192 
      6560 
       344 
      1232 
      7472 
      -280 
      -320 
        24 
      3344 
      -104 
        40 
       208 
       936 
       360 
       528 
      4848 
      9880 
      2312 
      -208 
       352 
         0 
         0 
         0 
         0 
         0 
         0 
         0 
         0 
      -312 
      6112 
      -104 
      5472 
      3616 
       288 
         0 
         0 
         0 
         0 
         0 
         0 
         0 
         0 
       -24 
      -408 
      -168 
      5088 
      -224 
       152 
      5896 
      4672 
         0 
         0 
         0 
         0 
         0 
         0 
         0 
         0 
       400 
      -184 
      -384 
        56 
      -144 
      -512 
      1896 
      6536 
      6544 
      1704 
      3168 
       224 
       192 
      -456 
       936 
      2936 
         0 
         0 
         0 
         0 
         0 
         0 
         0 
         0 
       -24 
       264 
       456 
      -128 
         0 
         0 
         0 
         0 
         0 
         0 
         0 
         0 
        64 
      -120 
       688 
       144 
        64 
      -248 
         0 
         0 
         0 
         0 
         0 
         0 
         0 
         0 
      -280 
      5608 
      6664 
      -520 
      3792 
       736 
      3048 
      2528 
      -112 
        80 
      -224 
       160 
         8 
      3392 
      -328 
      1144 
       200 
       296 
         0 
         0 
         0 
         0 
         0 
         0 
         0 
         0 
      -392 
         0 
       632 
      1216 
      3752 
        40 
      1160 
        32 
         0 
         0 
         0 
         0 
         0 
         0 
         0 
         0 
       192 
       -64 
       832 
       304 
         0 
         0 
         0 
         0 
         0 
         0 
         0 
         0 
       120 
      7696 
      1784 
      -248 
         0 
         0 
         0 
         0 
         0 
         0 
     21840 
     21840 
     21840 
     21840 
     21840 
     21840 
     21840 
     21840 
     21840 
     21840 
     21840 
     21840 
     21840 
     21840 
     21840 
     21840 
     21840 
     21840 
     21840 
     21840 
     21840 
     21840 
     21840 
     21840 
     21840 
     21840 
     21840 
     21840 
     21840 
     21840 
     21840 
     21840 
     21840 
     21840 
     21840 
     21840 
     21840 
     21840 
     21840 
     21840 
     21840 
     21840 
     21840 
     21840 
     21840 
     21840 
     21840 
     21840 
     21840 
     21840 
     21840 
     21840 
     21840 
     21840 
     21840 
     21840 
     21840 
     21840 
     21840 
     21840 
     21840 
     21840 
     21840 
     21840 
     21840 
     21840 
     21840 
     21840 
     21840 
     21840 
     21840 
     21840 
     21840 
     21840 
     21840 
     21840 
     21840 
     21840 
     21840 
     21840 
     21840 
     21840 
     21840 
     21840 
     21840 
     21840 
     21840 
     21840 
     21840 
     21840 
     21840 
     21840 
     21840 
     21840 
     21840 
     21840 
     21840 
     21840 
     21840 
     21840 
     21840 
     21840 
     21840 
     21840 
     21840 
     21840 
     21840 
     21840 
     21840 
     21840 
     21840 
     21840 
     21840 
     21840 
     21840 
     21840 
     21840 
     21840 
     21840 
     21840 
     21840 
     21840 
     21840 
     21840 
     21840 
     21840 
     21840 
     21840 
     21840 
     21840 
     21840 
     21840 
     21840 
     21840 
     21840 
     21840 
     21840 
     21840 
     21840 
     21840 
     21840 
     21840 
     21840 
     21840 
     21840 
     21840 
     21840 
     21840 
     21840 
     21840 
     21840 
     21840 
     21840 
     21840 
     21840 
     21840 
     21840 
     21840 
     21840 
     21840 
     21840 
     21840 
     21840 
     21840 
     21840 
