         0 
         0 
         0 
         0 
      2730 
      2730 
      2730 
      2730 
      2730 
         0 
         0 
         0 
         0 
         0 
         0 
         0 
         0 
         0 
       545 
        63 
       142 
       -55 
       -45 
       538 
        12 
         0 
         0 
         0 
         0 
         0 
         0 
         0 
         0 
        -9 
       -11 
       641 
       564 
         0 
         0 
         0 
         0 
         0 
         0 
         0 
         0 
        14 
        43 
       -56 
         4 
       352 
       198 
         0 
         0 
         0 
         0 
         0 
         0 
         0 
         0 
       196 
       -46 
       -26 
       103 
       -18 
       -54 
        -9 
       -14 
       -50 
        72 
       787 
       -43 
        18 
       677 
       -30 
         0 
         5 
       130 
       157 
       326 
         0 
         0 
         0 
         0 
         0 
         0 
         0 
         0 
       -59 
       -61 
       -13 
        18 
        -4 
         4 
       125 
       446 
       255 
       -43 
       308 
        36 
       137 
       143 
       -32 
       -47 
       344 
       165 
       218 
       143 
        37 
       700 
       -45 
        -9 
       657 
       -41 
       560 
       -30 
       199 
       -13 
       -62 
       268 
         0 
         0 
         0 
         0 
         0 
         0 
         0 
         0 
        -9 
        14 
       -38 
       -47 
        69 
       422 
       272 
      1167 
       -10 
         3 
       723 
        83 
       -12 
       162 
         0 
         0 
         0 
         0 
         0 
         0 
         0 
         0 
        32 
        -6 
         7 
       759 
         0 
         0 
         0 
         0 
         0 
         0 
         0 
         0 
       -12 
        19 
       111 
       411 
       218 
       -67 
       -11 
       130 
         0 
         0 
         0 
         0 
         0 
         0 
         0 
         0 
       -19 
       -47 
       -67 
         8 
        25 
       -45 
       162 
       -34 
         0 
         0 
         0 
         0 
         0 
         0 
         0 
         0 
         9 
         0 
        40 
       -19 
         0 
         0 
         0 
         0 
         0 
         0 
         0 
         0 
       -48 
       132 
       -35 
        64 
         3 
       134 
        15 
       -55 
        76 
       479 
       -47 
       659 
       -19 
       -58 
         0 
         0 
         0 
         0 
         0 
         0 
         0 
         0 
       165 
       352 
       -36 
       -40 
       -20 
      1027 
       942 
       -46 
         0 
         0 
         0 
         0 
         0 
         0 
         0 
         0 
       -12 
       138 
        34 
       677 
         0 
         0 
         0 
         0 
         0 
         0 
         0 
         0 
       233 
       -29 
         0 
         0 
         0 
         0 
         0 
         0 
         0 
         0 
         5 
       -31 
       420 
         4 
      1886 
       -13 
       -54 
      1958 
       -14 
       147 
       683 
        14 
         0 
         0 
         0 
         0 
         0 
         0 
         0 
         0 
       -37 
       155 
        -3 
       378 
         0 
        17 
       132 
        12 
         0 
         0 
         0 
         0 
         0 
         0 
         0 
         0 
       -12 
       -16 
       -31 
       -54 
       172 
       119 
       -29 
       -41 
       -10 
      1188 
       -33 
       135 
         0 
         0 
         0 
         0 
         0 
         0 
         0 
         0 
        -4 
       -35 
        -5 
       349 
         0 
         0 
         0 
         0 
         0 
         0 
         0 
         0 
        13 
       399 
         0 
         0 
         0 
         0 
         0 
         0 
         0 
         0 
       -53 
       866 
        17 
        78 
       -29 
       -43 
       364 
       402 
         0 
         0 
         0 
         0 
         0 
         0 
         0 
         0 
       -22 
        19 
        15 
        26 
       303 
       361 
       -30 
       -21 
       652 
       -50 
         0 
         0 
         0 
         0 
         0 
         0 
         0 
         0 
         4 
       481 
       291 
       292 
       -31 
       753 
       563 
        -1 
         0 
         0 
         0 
         0 
         0 
         0 
         0 
         0 
         4 
       -34 
      1043 
       115 
         0 
         0 
         0 
         0 
         0 
         0 
         0 
         0 
       -56 
       231 
       111 
       -43 
         0 
         0 
         0 
         0 
         0 
         0 
         0 
         0 
         9 
        69 
         0 
         0 
         0 
         0 
         0 
         0 
         0 
         0 
       719 
        -6 
         0 
         0 
         0 
         0 
         0 
         0 
         0 
         0 
        -8 
       -26 
       699 
       511 
       377 
       329 
        14 
       -10 
         0 
         0 
         0 
         0 
         0 
         0 
         0 
         0 
        13 
       -22 
        49 
       -34 
        -1 
       -23 
       -39 
        43 
       -19 
       769 
        -3 
       328 
       405 
       228 
       235 
       371 
        75 
      1843 
       -35 
        -8 
       -39 
        -7 
         0 
         0 
         0 
         0 
         0 
         0 
         0 
         0 
        96 
        44 
       -23 
       -36 
        33 
       477 
         8 
       -41 
       -59 
       709 
       313 
       -18 
       241 
       297 
         0 
         0 
         0 
         0 
         0 
         0 
         0 
         0 
       -59 
       121 
       -36 
       594 
         1 
       270 
         0 
         0 
         0 
         0 
         0 
         0 
         0 
         0 
       -26 
       393 
       -49 
        46 
         5 
        -2 
        15 
       628 
         0 
         0 
         0 
         0 
         0 
         0 
         0 
         0 
       -16 
        44 
       -31 
        43 
       -35 
       309 
         0 
         0 
         0 
         0 
         0 
         0 
         0 
         0 
       997 
       -59 
         0 
         0 
         0 
         0 
         0 
         0 
         0 
         0 
       -27 
        44 
       701 
       -18 
         0 
         0 
         0 
         0 
         0 
         0 
         0 
         0 
       -29 
        14 
        63 
       380 
        55 
       325 
       -46 
        29 
         0 
         0 
         0 
         0 
         0 
         0 
         0 
         0 
         8 
        22 
       -16 
        -1 
       -34 
       122 
       489 
       110 
         0 
         0 
         0 
         0 
         0 
         0 
         0 
         0 
       -22 
       186 
       927 
       -42 
         0 
         0 
         0 
         0 
         0 
         0 
         0 
         0 
       -58 
        -7 
       822 
       187 
         0 
         0 
         0 
         0 
         0 
         0 
         0 
         0 
       101 
       152 
       -28 
       568 
       200 
         9 
         5 
       -27 
      1177 
       160 
         0 
         0 
         0 
         0 
         0 
         0 
         0 
         0 
        33 
       192 
        42 
       -22 
        64 
       151 
       716 
        66 
         5 
       -44 
        -9 
       114 
         0 
         0 
         0 
         0 
         0 
         0 
         0 
         0 
       -32 
        36 
      1039 
       -31 
        74 
        35 
         0 
         0 
         0 
         0 
         0 
         0 
         0 
         0 
        10 
       341 
        94 
       -12 
         0 
         0 
         0 
         0 
         0 
         0 
         0 
         0 
       -52 
       -30 
       -11 
        51 
       335 
        -5 
       -29 
       -41 
        41 
        -8 
        15 
        55 
       109 
       219 
       382 
        42 
         0 
         0 
         0 
         0 
         0 
         0 
         0 
         0 
       -55 
        -3 
       939 
       325 
        24 
       226 
         0 
         0 
         0 
         0 
         0 
         0 
         0 
         0 
       -30 
        43 
       240 
        88 
         0 
         0 
         0 
         0 
         0 
         0 
         0 
         0 
         2 
       -56 
       -34 
        58 
       767 
        22 
        78 
        63 
       -47 
       767 
       397 
       808 
       -10 
       343 
        -1 
        12 
         0 
         0 
         0 
         0 
         0 
         0 
         0 
         0 
       -56 
       -27 
        12 
       -60 
       335 
       -52 
       -19 
       990 
        -5 
       650 
       283 
        74 
       279 
        18 
        15 
       -44 
         0 
         0 
         0 
         0 
         0 
         0 
         0 
         0 
       -32 
         8 
       -34 
        38 
         0 
         0 
         0 
         0 
         0 
         0 
         0 
         0 
        -5 
       -48 
       -29 
      1575 
      1019 
       105 
       109 
       358 
       -64 
       -31 
        32 
       573 
         0 
         0 
         0 
         0 
         0 
         0 
         0 
         0 
       164 
       -28 
       -36 
       440 
         0 
         0 
         0 
         0 
         0 
         0 
         0 
         0 
       -43 
        24 
        54 
         2 
        -3 
       350 
         1 
       116 
       174 
        31 
        25 
       -30 
         6 
       -20 
       -44 
       -49 
       -50 
       453 
       124 
       595 
       184 
       565 
       126 
       -16 
       -45 
       268 
       320 
        83 
       774 
       820 
        43 
       154 
       934 
       -35 
       -40 
         3 
       418 
       -13 
         5 
        26 
       117 
        45 
        66 
       606 
      1235 
       289 
       -26 
        44 
         0 
         0 
         0 
         0 
         0 
         0 
         0 
         0 
       -39 
       764 
       -13 
       684 
       452 
        36 
         0 
         0 
         0 
         0 
         0 
         0 
         0 
         0 
        -3 
       -51 
       -21 
       636 
       -28 
        19 
       737 
       584 
         0 
         0 
         0 
         0 
         0 
         0 
         0 
         0 
        50 
       -23 
       -48 
         7 
       -18 
       -64 
       237 
       817 
       818 
       213 
       396 
        28 
        24 
       -57 
       117 
       367 
         0 
         0 
         0 
         0 
         0 
         0 
         0 
         0 
        -3 
        33 
        57 
       -16 
         0 
         0 
         0 
         0 
         0 
         0 
         0 
         0 
         8 
       -15 
        86 
        18 
         8 
       -31 
         0 
         0 
         0 
         0 
         0 
         0 
         0 
         0 
       -35 
       701 
       833 
       -65 
       474 
        92 
       381 
       316 
       -14 
        10 
       -28 
        20 
         1 
       424 
       -41 
       143 
        25 
        37 
         0 
         0 
         0 
         0 
         0 
         0 
         0 
         0 
       -49 
         0 
        79 
       152 
       469 
         5 
       145 
         4 
         0 
         0 
         0 
         0 
         0 
         0 
         0 
         0 
        24 
        -8 
       104 
        38 
         0 
         0 
         0 
         0 
         0 
         0 
         0 
         0 
        15 
       962 
       223 
       -31 
         0 
         0 
         0 
         0 
         0 
         0 
      2730 
      2730 
      2730 
      2730 
      2730 
      2730 
      2730 
      2730 
      2730 
      2730 
      2730 
      2730 
      2730 
      2730 
      2730 
      2730 
      2730 
      2730 
      2730 
      2730 
      2730 
      2730 
      2730 
      2730 
      2730 
      2730 
      2730 
      2730 
      2730 
      2730 
      2730 
      2730 
      2730 
      2730 
      2730 
      2730 
      2730 
      2730 
      2730 
      2730 
      2730 
      2730 
      2730 
      2730 
      2730 
      2730 
      2730 
      2730 
      2730 
      2730 
      2730 
      2730 
      2730 
      2730 
      2730 
      2730 
      2730 
      2730 
      2730 
      2730 
      2730 
      2730 
      2730 
      2730 
      2730 
      2730 
      2730 
      2730 
      2730 
      2730 
      2730 
      2730 
      2730 
      2730 
      2730 
      2730 
      2730 
      2730 
      2730 
      2730 
      2730 
      2730 
      2730 
      2730 
      2730 
      2730 
      2730 
      2730 
      2730 
      2730 
      2730 
      2730 
      2730 
      2730 
      2730 
      2730 
      2730 
      2730 
      2730 
      2730 
      2730 
      2730 
      2730 
      2730 
      2730 
      2730 
      2730 
      2730 
      2730 
      2730 
      2730 
      2730 
      2730 
      2730 
      2730 
      2730 
      2730 
      2730 
      2730 
      2730 
      2730 
      2730 
      2730 
      2730 
      2730 
      2730 
      2730 
      2730 
      2730 
      2730 
      2730 
      2730 
      2730 
      2730 
      2730 
      2730 
      2730 
      2730 
      2730 
      2730 
      2730 
      2730 
      2730 
      2730 
      2730 
      2730 
      2730 
      2730 
      2730 
      2730 
      2730 
      2730 
      2730 
      2730 
      2730 
      2730 
      2730 
      2730 
      2730 
      2730 
      2730 
      2730 
      2730 
      2730 
      2730 
